100024319062681
100036003121689
100035702682761
100030786043243
100029070334459
100036222451413
100035519601483
100038296502664
100035385132460
100037638333495
100034553291039
100037791804034
100013805522683
100026850153721
100026687632385
100037926766969
100036887235871
100033619239836
100033309394066
100026615322363
100000778289002
100031696900224
100038004062490
100037947703290
100037487237599
100036687283961
100035787430849
100035474754223
100034057241265
100028513427255
100027482031350
100037230901590
100035946304147
100034827222635
100033417609983
100033408885000
100027508251362
100013258984704
100037807003196
100037604990189
100022953191854
100021958702582
100038211400279
100038001185567
100037792910220
100036767715545
100036508461417
100035975610141
100035664127527
100035084731545
100031639939556
100029219621635
100028526380563
100028843173678
100032372715491
100023593621086
100035944907556
100025161849815
100026623451349
100037890138709
100037241538294
100024538489673
100037873652334
100037619462417
100037455691421
100037012573301
100036367485411
100036227942925
100036109064943
100035239230968
100035041972660
100031644999150
100013420863796
100030089820832
100034526809930
100037337891595
100037694483474
100034146571756
100036112627360
100033759828651
100037949843657
100037035891350
100023180597841
100027997007489
100034091150072
100034145116570
100026337729487
100014114294214
100015452225644
100029633144235
100013276837225
100028384562393
100030950205326
100037975927977
100010407918415
100035165742496
100037644714244
100037634201496
100037656676416
100036321440651
100036065589100
100036122892847
100035345264444
100009605713526
100038036807312
100037928137694
100026898202369
100037854103812
100037350798719
100036854208129
100036552820974
100036282140816
100026617561148
100025556722782
100024846602986
100036155855899
100035968211045
100035404699411
100034699703084
100030642644791
100029579985626
100028715495201
100028506276379
100011712842326
100038059512612
100035298540794
100038283965248
100037427210710
100035519626847
100015563388613
100011756469205
100037950181151
100037863161212
100037626399460
100036527231963
100036033128076
100036012731316
100034279623861
100030454664351
100018719950901
100037661629594
100037606252840
100037363637781
100036940938461
100036095258610
100035794149856
100035165556079
100034493716683
100026886193547
100025210332777
100037983840301
100037868415296
100036948069286
100036624483631
100036215753418
100035519162857
100035065882491
100035031803885
100034266556340
100034108780471
100033160879133
100032908840414
100032037218410
100035941793848
100037453161528
100037243721053
100036572432202
100036560273998
100035114416564
100034549424874
100032201070530
100030486135093
100028315336759
100028044451729
100027911924137
100027496722741
100025901345543
100014215295443
100010415024324
100037744660600
100037503100466
100037132573487
100036695241575
100035316409464
100035313620277
100031349903250
100028165511559
100026471446429
100037600219737
100033628293177
100031600424728
100027528194096
100027238180034
100022315239902
100036696702635
100036047552584
100036036937883
100031428847313
100026488771972
100024824988240
100037938008335
100037723053016
100037337958000
100037316520876
100037028232656
100036938110743
100036883193255
100036699023358
100034899288895
100034496179308
100032358018816
100030398921583
100029202343812
100024882840671
100014586750779
100012285128417
100037640209850
100037634799300
100036514952936
100028857760476
100037875020539
100035220834193
100016622318389
100011977560956
100037366453758
100036201097457
100028445442447
100022588591934
100037659263530
100037639189727
100035939423725
100037910018737
100036241294240
100037917370256
100037427351541
100036333710475
100035431252212
100027240733271
100037175962292
100037376555264
100034309981953
100036813276875
100036774075602
100037072961405
100027177344191
100037564232176
100037840531249
100038027265198
100027081365378
100029874198077
100034290794741
100035433091057
100031652642161
100037253837450
100025818463783
100030430575195
100037502140206
100035178704221
100036077107345
100037652446571
100036305672230
100034287621326
100034420215474
100027660602490
100037920726630
100037400750340
100037127150324
100037035408578
100034447044092
100031044971132
100030592657777
100030310849656
100028498834938
100027680441417
100004064824320
100003474022152
100036373807733
100030431199491
100037292583439
100037208950674
100035281480761
100035124514772
100034380408609
100023709403683
100012710462572
100002887048888
100028056524999
100037861568150
100037583795418
100036858397508
100033606518836
100031833100210
100031799618980
100025447902534
100004069173117
100028996724549
100024033951198
100012255969195
100024360683050
100036456858135
100035183227970
100037154364002
100017939509466
100016938786771
100031950691903
100030975347563
100030731192313
100035031161600
100030138608919
100030171051612
100035976965532
100037257013164
100035525621242
100027505598937
100035848838758
100026020612886
100024831850730
100025938621694
100034647690887
100012376354802
100026048179870
100014378257677
100026126820276
100012751272857
100025579822930
100036514130567
100016571462171
100013341662825
100024472402211
100035913301634
100033619964689
100006846481898
100025099901326
100036304260545
100029893274688
100014242741614
100036665374423
100029356260183
100036051100487
100034808809347
100027823844979
100027005568888
100024165976271
100022991562550
100037416169471
100036671680339
100036239175550
100036232823187
100036042994664
100034137301779
100030376153959
100028617930621
100015639490359
100008867985007
100035590981948
100030118115719
100035630062185
100025439871602
100029622547884
100036534990432
100037168813845
100035518863423
100030278490126
100036839884952
100036642523669
100036579780962
100035024761208
100034812700217
100034516992121
100034066037316
100033933743199
100031659499830
100027387049495
100027210862461
100025852052132
100023587833084
100022835648561
100029211510149
100033606277161
100034795503243
100037184572853
100010974432850
100026484676936
100024790755737
100025685888979
100013255247277
100026786779802
100025693724269
100034401255581
100036007782012
100035475855265
100026710252072
100037254972222
100015239596771
100032812544955
100027642035899
100037428511248
100037402055826
100037368377131
100036599032237
100036542842341
100035907638588
100035630349578
100034200124875
100034115867920
100033295334255
100031214231853
100026995537486
100021795016287
100013858506659
100036829904082
100035192263832
100034596518478
100034143501870
100033658848496
100028113193732
100027474001687
100036793593390
100036097923317
100034251339663
100036985158081
100036829098551
100036472925435
100036346537511
100036072480101
100035601273959
100034481239698
100034097018254
100030465785152
100036778831527
100036043099680
100035440595058
100035407784094
100035300341768
100034401616843
100034118390487
100033683894568
100033321698455
100030450173593
100027176320485
100024246493610
100024073296605
100023932724364
100037746750012
100037307482467
100035733573672
100032886409950
100032859127458
100032468122362
100031052384049
100030974302486
100028628555243
100027705583113
100023599749677
100035038069527
100036664116481
100027413895383
100035024048603
100027470439734
100035303858474
100034405185353
100034686860151
100034279053048
100023573648536
100027571964681
100028729361997
100035772541075
100026048163231
100026092400789
100033916295311
100024842149245
100006320372276
100028341600261
100037170098329
100036973116065
100036619894111
100036348542541
100034873865742
100029858550290
100024464990680
100037154659091
100036763339193
100035567296251
100034587279937
100030623611491
100030031785109
100025134062426
100008141535679
100037363448156
100037111391499
100033588922620
100033505580219
100033190940301
100037352974038
100037132744020
100036807853089
100036557707344
100036226417617
100035480382249
100035176056519
100034765164101
100034586264871
100034204576255
100032873041076
100032393735957
100031318641339
100029130606942
100028635919974
100028491380542
100027784632949
100026635702072
100026509425426
100026271215127
100023809110844
100023229346937
100013805435909
100037325554015
100036989761372
100036243188145
100035208801456
100034642126496
100031844602419
100028857803211
100026785324523
100025988118985
100025677181762
100036544063877
100036344431907
100036224562340
100036006469263
100035785515824
100035734535795
100034654637835
100033932710136
100031791857140
100029177022659
100027208960399
100027132846536
100026771593965
100036778608464
100033640628746
100036655403040
100036583600944
100034678956307
100034535897527
100034331086491
100026784630940
100021105293371
100011625380555
100037006590728
100036312796046
100034611981454
100034593394869
100033273916412
100033250715586
100032055707907
100027966848861
100024905437598
100022952628337
100021246545367
100014483116279
100009592754262
100006435187719
100037302066620
100037295130355
100036943803250
100036616117833
100036390706756
100036291062987
100035385052488
100035349556400
100035083582456
100034557350230
100031540997177
100027663574787
100023415466581
100037461249372
100037272705006
100037028964188
100035692035019
100035517977753
100035149251275
100034429073849
100033865057646
100025448132160
100005293382864
100027237391176
100037068706670
100037019311679
100036999039896
100036717798556
100035766859400
100035385533635
100035263221093
100035114388527
100029807265362
100023148171293
100034485434460
100032482725981
100022536789921
100002894054807
100030941272109
100028173767158
100026018445884
100033269643337
100035519753264
100031522444399
100036884053016
100005035230822
100017659629155
100033110599805
100036487776214
100034961477268
100036896901270
100035918136096
100029485543512
100036284569013
100034824622777
100031030754758
100023941606011
100036603743139
100036545943307
100035467532215
100034370051207
100034290562967
100031034949322
100030647827045
100027005002491
100024170402166
100011458157240
100037383364215
100035283338370
100034565000875
100033463504055
100033162781589
100035947783231
100035236299075
100035057291233
100034961981098
100032309476737
100025149075793
100036920641702
100036784696765
100035814728145
100035196880902
100034166883213
100033278675997
100033043941603
100032861210266
100031624009798
100028284861848
100036993542236
100036635681913
100027578476892
100013332812506
100037099031636
100036438739062
100034148763131
100032079151999
100030495916440
100028804744739
100028336283341
100023711408266
100012982419787
100034916857171
100035993811997
100030404347469
100036918111525
100036713468999
100036118485092
100036086196505
100035951444445
100035367560726
100035305029954
100034547652684
100034207418110
100033950505987
100033830554071
100031419401045
100027636860631
100024184549347
100031272683695
100034289691334
100028141839418
100027875983356
100036171393186
100024908836067
100035770546750
100033104114383
100029031368027
100034762472464
100017411593632
100033730205321
100034771854288
100024450555341
100017930745680
100024971885831
100036500373171
100029532632051
100029489932505
100032735765897
100032543835821
100014740356176
100036697264944
100033558082177
100017483861275
100008373708571
100036657562339
100034244371529
100012640659356
100036901267952
100036382686618
100033352059390
100027263293345
100015548764035
100014241906810
100037081062178
100034640760083
100026427586489
100036877536534
100036195742709
100036150287338
100036138945427
100036008341246
100034355664006
100034318174024
100033784244988
100033750037266
100032039296109
100028637242434
100035946073016
100032678022519
100022694671926
100036680796700
100036637836437
100036529872800
100036440105706
100035726825318
100035662860898
100034656678073
100033502153807
100032596096446
100029436710824
100027707657564
100027637446659
100022537884260
100036751710836
100035159865265
100034428810070
100026354140178
100014705700236
100006761855560
100035910491075
100035300168899
100034466772901
100033256003179
100036812672994
100036025038130
100035985849536
100035814743333
100035794242891
100035733081063
100035551091459
100035402333107
100035314861027
100035214759470
100035134035387
100035021915468
100034463482143
100034068366633
100031957462955
100028801441481
100013968842151
100008008509223
100036393646253
100036249271029
100029124134440
100014788096591
100036984366644
100036197223624
100036024690242
100035876945455
100030867646469
100029040212696
100027624054177
100023851952460
100015945367574
100007419286659
100036442373417
100034605516802
100034478321367
100034395083638
100034003250980
100033477113357
100033319604957
100032939836665
100031189462722
100030677620348
100028117635591
100022921862357
100019381306808
100036918392681
100036750904416
100036399303358
100036209353491
100036143092165
100036115414649
100035193578680
100035079337637
100034722396848
100034638586083
100032348415014
100024233140924
100017794842806
100036198488665
100036186781594
100034808198478
100034559897259
100032959929023
100029856065203
100020562318368
100018504902779
100013960568707
100035090718105
100036836583348
100036732274171
100036218982903
100036134770059
100035840145003
100035356175705
100034795001122
100034739711705
100034610106245
100034151614779
100033972183794
100033262687196
100032965458105
100032710805114
100030115991813
100029263380042
100028895404215
100026852443878
100025876686616
100024441391611
100024245419364
100008356089034
100037196255387
100037127221572
100036647477743
100036140197977
100035602837845
100035592856149
100035453627107
100035380232746
100034965904565
100034865464224
100033965723925
100033651681582
100033447720570
100030333343801
100029503971650
100028221820540
100027936859721
100026059771668
100035467237645
100023205223916
100027849277483
100027472839327
100028254863951
100031234513822
100021912409279
100030854746902
100034077939911
100034695169183
100033018850435
100008624320778
100026802004847
100034696413983
100012480941083
100028205585268
100033846949649
100034844838680
100034835560720
100033262007957
100037002633925
100035448142982
100027373042835
100036186270678
100035508321908
100023605999778
100036279951716
100035060627687
100034709646062
100033845201784
100031680466372
100030956162000
100033050049157
100036074100037
100035545187969
100035146359351
100030516009452
100024644477562
100017422538089
100016908487469
100013811765717
100036737773393
100036048217101
100033148117748
100031009741204
100017840040392
100016140990646
100013141423166
100035879802443
100034996575501
100034626142290
100034033524216
100028454017951
100036701437120
100034703283293
100033311507151
100033257386158
100029492977629
100028447390708
100028301646549
100017642806215
100024068717350
100022515450246
100035847534369
100028679353399
100026880366699
100022173222186
100036893311897
100035391373811
100032510244369
100029504285490
100028292373272
100026765363760
100025368660507
100018543107065
100015870035406
100010395273965
100028429780755
100031434435730
100037086362873
100036340159574
100035222922462
100027893021892
100035321790719
100035272274795
100030945981910
100036356179069
100034563233441
100030886171197
100037073193164
100036119782456
100035809440483
100034776319897
100028159637420
100021852791915
100036339801786
100027828594004
100035436368604
100029910773745
100036653325481
100036110641055
100035698631616
100035695899924
100035621720073
100035563298226
100035452238594
100032959457317
100031679311414
100031344457940
100029702292186
100028500172736
100012368117054
100007244626071
100035544221101
100024477825379
100021931271874
100035011151902
100034664839882
100033655632062
100033571904866
100023492598715
100036901244051
100036792887232
100036779684640
100036289483283
100036018910309
100035932657802
100035349047661
100035121981512
100035114863360
100031904898384
100031801043450
100027296388535
100019762261948
100015871147282
100035821038366
100035786630075
100035250381873
100032552750918
100029854321902
100028437644861
100027240277487
100016772016070
100011173063736
100036899290716
100036761915760
100036695962208
100036584776879
100035817613626
100034087404379
100032447919793
100031520199141
100029895290226
100028188762668
100027942213228
100027786350925
100026697690066
100014958107847
100014004872681
100036328235972
100036115660854
100035700945972
100035352571652
100034111932126
100031677960785
100030157522167
100029632844815
100029055946385
100024491915482
100014767570975
100013373162304
100036784239371
100036505321299
100036416053737
100036281024333
100036091253589
100035501809823
100035160393640
100034912610743
100034514555235
100034422246748
100033063077060
100032415330815
100030738472004
100028280721256
100028192607739
100027743960778
100026562371957
100025027839118
100024720530025
100018211481859
100016605734733
100015239448208
100010142349233
100032272604340
100031079220266
100029468611395
100026234892322
100008935983685
100036710490503
100036468402876
100036130395853
100035175111227
100034994414095
100034597102270
100034019222759
100032996481765
100032128508067
100031878249154
100030494927576
100030212945121
100027258053208
100036319338606
100036970927533
100007368990925
100036860823917
100036430831370
100036162354177
100035502856088
100035323113649
100035118733162
100034673100497
100033555150827
100032939376402
100031662530455
100030169222569
100028248785222
100028068990985
100025166178896
100011479251807
100022818390972
100034729033977
100034159371749
100027887462628
100032679305831
100035398089161
100017967273799
100036344992528
100036156442605
100034480702746
100033885153138
100031108777774
100036279214108
100035197000604
100036100141700
100034422195894
100031086233334
100036611123574
100036482561965
100036323055733
100035813837330
100034244863144
100024941562096
100032631891880
100036723104312
100036719140847
100036705949352
100036509172752
100036508596551
100036375370501
100035970431455
100035930131275
100035460640399
100034422109177
100032421756883
100024074663643
100036879991021
100036724987759
100035267150625
100034944763533
100034668404330
100034565534071
100032280390424
100026961589942
100004036436835
100035213624764
100034356123294
100034050399611
100030693977419
100028434638719
100025740732343
100023997426703
100026702048247
100027738285112
100035794530953
100026611441884
100027138824885
100033430201430
100009665797089
100021797505600
100036350024627
100035565347622
100026871891934
100025414369034
100004529910254
100035572416194
100023731870707
100033546917659
100036595849165
100033637721354
100023018828176
100024387976449
100014251304135
100034943985107
100036803436226
100034920214634
100034718827580
100033900459052
100031995233396
100024563239648
100015130213045
100036891874184
100035872005196
100035362026319
100034694494966
100028470524838
100026231592766
100022688704749
100036067070060
100031536557225
100036576788713
100016922685201
100015716707387
100036772300668
100036719475858
100036582210851
100036464288944
100036345079842
100036098205266
100035867602748
100035354806153
100035145069115
100034580390186
100034226226163
100032881188322
100031147115066
100030649822960
100020216834992
100036228619851
100035742140255
100029131067433
100026557066853
100023815672822
100036737322457
100036371866408
100036152947513
100035691229468
100035639469715
100034602701582
100032746712180
100029915170372
100029796844033
100027557643264
100036714712009
100035959372697
100035825324753
100035445707118
100032560084133
100027421312308
100036796650852
100035849828178
100033958394837
100033267223097
100030765645078
100025147100534
100034889110714
100000224442962
100033347212193
100031661526335
100028077473303
100020480687683
100017754367055
100013115358613
100036633011715
100036361131243
100035888212514
100035138659234
100034800292445
100034683892723
100034246534713
100034202778501
100033969600270
100032383161316
100031630683913
100030406283173
100028903793748
100022287005099
100021833191905
100034928441690
100036595761384
100036494600837
100036291457010
100035648543571
100035119570507
100034757145326
100028204890739
100027096601942
100036677286393
100036575963074
100036015399237
100034463746166
100007060087436
100036532804919
100036109143124
100035613608868
100035342083063
100034002453735
100033731230288
100030749954171
100027666584166
100025277349940
100036331401074
100035146235415
100033966995279
100033580420861
100033384554357
100028328802135
100028288740092
100000093949800
100036558193471
100032179253269
100036126818041
100036817506981
100035814395900
100027287893917
100024736535629
100005485487482
100036305783391
100036302202670
100028708716409
100024529822140
100035639282471
100035530296826
100033050724060
100035476790066
100035917441151
100035906774721
100035811723290
100035763752924
100035677815529
100035325069221
100034990541878
100034498569427
100032904144340
100030816966143
100027906128419
100027613667631
100026552866678
100018741664395
100016549459194
100009089130899
100036713629844
100036457020324
100035795145279
100035556883512
100035347505610
100035314486250
100035263009934
100034373265320
100030835128555
100029249955136
100029143421018
100026848594304
100023641839191
100022991121231
100014644968886
100014344896124
100013825056254
100035995278459
100035496259047
100034924350521
100034795473112
100034689668658
100025373086720
100035041910238
100034833888257
100033693370508
100036237609577
100036089024345
100035985620257
100035475034975
100034250003610
100033990201980
100027630122001
100026361520988
100024365798759
100019313703819
100036412212884
100028396516500
100034815853913
100032336869373
100034343959064
100033363069367
100035310532263
100027995889232
100025210456703
100028339083804
100028117095240
100026508112289
100031940195773
100036059834407
100023060181822
100029293327781
100029032210311
100010216816095
100031690965572
100004842606605
100024192704658
100013099307064
100024317620627
100027785945162
100034663672279
100035420381833
100015044436668
100034918481201
100036330557261
100033377748821
100034353652225
100035681750111
100036146357352
100036693492716
100035456258731
100035221952101
100035068754171
100023778079392
100015510544041
100036415518241
100036054073741
100035808072045
100035685530202
100034196632946
100030314390545
100029293786472
100024793774403
100013519249444
100036790021997
100036219255165
100035769762611
100034452924305
100023667990262
100017549220740
100036690669124
100036513950397
100036278114324
100035401007049
100034947857309
100034841176241
100034815613802
100034356492957
100029486933959
100014220546498
100036017930018
100035698811139
100014479693347
100023559946782
100036258168102
100036665141390
100035875535442
100035339680922
100035143564590
100034794922707
100033256601353
100022139673003
100034511745878
100036076373749
100035921768430
100027579150640
100036472201774
100036047622828
100029263051654
100035047931453
100027936251770
100026157083097
100021832263509
100023684529759
100015043998892
100035886819631
100036316004733
100036116042588
100026206030812
100036609945091
100036504001350
100036266505127
100036234712333
100035789330174
100033475273513
100031940988656
100027426694066
100026020681745
100025579819636
100025151422658
100025681714061
100036613482334
100036329930612
100036321671479
100036266994241
100036145861102
100035866232735
100035851208799
100035395411101
100035362663710
100035290193435
100034834270247
100034734554001
100034233757822
100034031529023
100033759584572
100031550202009
100029702013211
100029385517996
100027227833246
100023703318388
100021747762369
100035862193362
100033086712201
100036556121063
100035765694073
100034884787800
100034846582755
100028169982541
100026985584482
100036629176836
100036485442075
100036284712724
100036167421737
100034996658112
100034306711058
100033668152623
100032947092252
100029084673090
100027467273250
100036730115229
100036313274466
100034811041964
100033549124860
100023557344387
100022234876633
100036686465687
100036503585498
100036467164758
100036395741237
100036212418795
100036172999535
100035929800946
100035872771725
100035871759212
100035406373229
100035333890791
100035152304591
100035067349164
100034956654314
100034938790346
100034916986817
100034815133545
100034759362569
100034572952591
100033746355854
100033744227957
100032827583101
100030563681472
100028800095269
100027410019972
100027206090333
100023531197664
100022649346418
100022276642786
100016849441160
100014135950100
100010209767812
100035487690239
100006889093344
100034063333093
100020656361933
100029846476729
100023605275433
100025549299901
100020402981655
100031936127955
100007870623826
100001773247888
100034736732122
100032905480891
100032103336093
100036033919249
100025908603999
100036552188756
100035923746357
100036794132773
100036188407987
100027437261643
100031861697044
100028416240271
100028036613888
100026979649416
100026194410382
100019340496546
100036674475670
100025969394849
100036546378934
100034412411106
100028441033637
100036601642016
100035367285077
100035356560203
100035016158360
100034562563826
100033654875913
100026560904360
100036364202602
100036281991229
100036248465196
100036130443211
100035933431311
100035692936068
100035254274493
100034942153357
100034424239998
100033076051987
100032717749614
100026086427699
100025338441792
100024016386701
100021586397512
100018022656806
100009772547815
100036519468743
100036231612283
100036230264062
100036203234027
100035762431548
100035646562747
100035534040507
100035529739782
100035387163922
100035367720903
100035071432141
100035013513911
100034681730429
100033725376257
100030669922710
100028713065412
100026972792463
100026625906416
100024566704527
100023009122038
100014642800550
100011379300309
100034648178701
100027833377209
100033532006041
100034783363547
100031198860549
100029148667323
100031945811530
100028406322553
100033460523911
100031550072571
100018898846078
100036527494168
100033757411461
100035358081147
100036118940044
100035488006519
100035166624188
100030074230169
100035861896426
100033569531219
100032213929817
100028748439869
100035261016749
100036119414685
100022789573569
100035367292818
100029059381900
100036005437066
100035823399708
100033595505345
100036398568968
100035259793316
100034880054034
100033842917391
100033425145356
100036633750716
100000470337543
100036726307939
100036467891811
100036282734063
100035818993323
100035801251001
100035220730854
100035218530107
100034860759095
100034704854954
100034684458548
100034533674412
100034061443625
100030609224675
100028730975912
100027899313405
100027870982125
100026768866188
100026542776868
100026401834548
100015077520378
100036307163840
100036118251540
100036086573586
100035889787662
100035504741798
100034504191571
100032816774142
100031565081109
100030682072132
100030348953843
100028328492362
100028036703461
100036111533394
100034669723431
100015363199320
100036246378155
100036050706524
100035497054990
100034151798889
100031179969404
100030722027965
100029536130037
100027561586971
100000646599384
100036532692757
100036317824202
100036304067938
100035835499214
100035261392179
100035215096833
100035071871930
100034940983431
100030938987452
100030786960515
100030123141845
100027788522162
100015749389417
100036604566570
100036331690851
100036140333240
100035805306599
100035467473950
100033860481050
100032880849856
100027304457892
100026796672252
100025237021070
100007142538292
100036480540722
100035520671301
100035309160612
100035150950607
100034112360210
100033725677252
100033525512808
100033479296748
100033384706058
100033086151884
100031929684241
100030444614689
100030044620759
100029975508463
100027156273299
100025938558612
100025442011697
100025289601142
100025155781514
100024172848877
100016457740508
100006694237246
100004808144515
100011204653543
100036504873556
100036146610641
100034654929117
100034629480838
100034448319072
100025161156093
100036712448156
100027675802409
100036642219368
100035106279651
100034668008569
100033221802498
100027930270407
100026700876938
100025002197193
100022107845763
100036253458854
100036051142445
100035599397131
100035428069173
100034834272921
100034540102174
100034407829186
100033955895852
100033766624765
100033317745776
100032976587266
100031689187808
100030876758320
100029286062134
100028345221049
100028300213403
100027378422981
100027299204046
100024892898469
100011003500042
100033340247710
100021208036081
100021903113840
100032638447354
100023385013512
100026270688770
100031178271031
100029669611522
100017788380657
100035463691686
100005482279258
100011259041027
100030581930851
100006513530535
100034532833790
100028407754023
100036572624593
100033313502131
100025244655166
100027970580659
100030525974896
100034263824058
100031092771444
100030082006645
100025746192479
100023486237290
100036761676139
100036243398631
100036046659440
100035481542750
100024898816837
100035605994027
100034960414784
100034872374076
100034835451532
100034815529361
100034608921433
100030806737748
100030051860526
100029964635892
100024204188933
100022070633036
100020448463314
100015684573099
100036252533829
100036133718672
100035422432638
100034803222087
100024770583194
100036533229905
100036478321861
100036374715898
100036105015083
100036090516682
100035741447973
100035679482937
100035655922127
100034916551076
100034796506337
100034649250520
100033786069456
100032309160958
100031405952131
100028259298873
100027952484690
100035799013920
100034445767830
100026251967162
100013685766437
100010027695573
100032806608293
100031903714672
100030330158652
100027203530458
100026766857226
100023601260439
100036620111996
100036521047252
100035753052366
100035724211122
100035632272178
100035374838740
100035359967306
100035338755374
100035026461306
100034739351841
100034656984169
100034527798400
100034515137321
100033510428344
100032328200912
100031530317065
100030375458641
100029120857354
100024533343002
100022545167649
100034972356586
100031109977892
100029737311842
100028206634156
100036575556287
100036573457349
100036115997188
100035941420693
100035839082286
100035661846554
100035567660500
100035223520446
100035114033065
100034403302378
100033700875721
100032455232944
100031575723323
100030629101185
100028605334145
100028568422350
100028129868663
100027415899095
100027236460522
100027119509832
100027090518810
100026862210374
100024990663151
100024710442661
100022537540252
100022304433885
100036549562084
100035951237002
100035923491032
100035628410599
100035538301479
100034934057874
100034908341683
100034802771962
100034584666618
100034426364057
100033698136205
100033694332206
100033610872475
100033450317989
100027768413638
100013287364412
100036598084651
100035345598604
100029564536231
100023058843175
100017098393315
100036122331838
100035818503871
100035359393632
100030743446520
100035541857017
100035213451178
100034324334683
100036762302476
100036487843318
100035590250967
100035359201642
100032091698442
100031276492741
100029716930925
100017427855112
100033538292979
100029133293924
100036572401774
100036441481156
100036375443828
100036150071477
100035888914872
100034162210506
100033492378144
100033003701729
100032312417567
100031561353081
100030844658067
100029417296546
100029355903145
100027360200849
100027150453215
100026399465973
100025242975046
100023746132196
100013616346281
100007486579425
100035837204079
100035307886069
100035216570622
100035205757243
100034909692905
100034546507304
100033945122251
100032005775020
100028794843578
100023501773718
100022827878599
100032638718121
100026660392267
100020915903517
100035783708194
100034448088134
100033879231556
100035259943185
100035961219739
100027771519292
100018868776392
100026180910620
100034045424187
100013893814001
100035759086974
100034487899746
100033659062986
100029508153269
100024273420899
100036565380358
100036321020958
100036204891818
100035064244759
100034672152747
100030344915170
100022289002176
100006060092697
100036707888134
100036463505084
100036417848399
100036238776802
100036147530236
100036090913523
100036033012555
100035942687190
100035927387862
100035851515805
100035808136278
100035695775109
100035590878913
100035436383654
100035175663421
100035120116754
100035030949883
100035029972041
100034911466501
100034583205828
100034497643481
100034310498548
100032033942430
100031020215105
100030354910259
100028771301809
100027598365003
100027403341453
100026112729434
100026021556388
100025386396708
100022260164519
100017622030425
100015568208184
100010206068068
100009557614898
100036124864742
100036017978138
100035362206203
100034846372569
100034630865597
100034174392189
100033737950557
100032975412577
100031198417463
100028219481190
100023509100709
100011379875584
100036575291674
100035793602616
100035562036410
100034873030349
100034377233744
100034105009458
100032541966769
100032488626347
100032246592991
100029198593773
100028674276305
100022910182314
100017318828415
100036399421184
100036327516650
100036301926460
100036255932130
100036118565078
100035944784731
100035931066057
100035883570079
100035455444221
100035087812382
100034705458832
100034695322922
100034639065147
100034526611892
100033320624550
100032723958540
100032688601221
100032643727860
100029094833717
100027923113201
100027859073880
100024125377505
100023549376861
100022096610093
100012650678950
100031905454622
100024183139203
100030227406203
100030176884910
100028399760363
100028357953881
100030150501583
100013373716684
100032509023340
100034173020377
100036449644536
100034309042458
100033989723977
100036636936605
100036496994529
100033663553942
100036265997834
100036220569050
100035284380911
100034084393935
100031950678124
100029293634646
100027969231004
100017024141013
100036268249049
100033910923791
100031936380655
100030889402335
100035037580281
100030411010567
100011398203627
100024204459069
100035623210377
100033473751393
100033991012096
100032477741597
100026747340638
100015023026668
100036669212040
100036549990898
100036467258693
100035982442920
100035740506460
100029330842503
100028164653215
100036668070616
100036349761411
100035795209922
100035760762438
100034812763423
100034763555243
100034613811394
100034388660155
100031297909441
100028673291512
100035470973395
100035271427192
100028815502327
100035202966781
100035153233448
100033362743429
100033170376459
100032176118165
100027565670782
100021972977829
100022220321169
100026162220077
100026361283165
100028138516667
100026749732175
100028170529338
100025750442914
100026903285046
100024867030645
100027915249311
100025801848309
100030384009191
100031611107157
100030467045345
100006092344939
100018612397957
100027634324835
100029117931062
100025891806040
100032017060522
100030770056207
100031695648374
100025201633855
100026549738216
100029764180480
100031524633520
100029718636466
100026614784355
100029593162234
100026371218294
100026134544378
100028602000911
100026286833867
100030511268829
100024708931307
100010178201742
100025690100076
100018125378336
100028628042520
100030969072426
100021655335395
100029697948647
100031105628936
100028278550239
100026933314217
100030589732622
100029441646758
100018978182317
100023250516361
100023142284433
100028110703279
100026939318429
100024489454974
100029104882541
100025871797145
100028001228559
100028874061015
100027682001351
100030803853706
100028763490681
100024224712753
100030240709480
100026972762668
100023390222884
100027829323102
100028273951468
100028736744247
100014213530727
100028055214051
100034263364256
100029744593815
100032586311331
100013470589566
100036457212065
100030731441881
100035430305005
100027787854245
100026521953483
100036025756900
100035679951592
100026492207276
100036288730141
100036015249872
100035318130737
100035229243454
100035211647204
100034887428785
100031316032634
100026497582958
100023385967124
100013750639457
100020724169468
100035700008664
100032046824944
100030924647022
100030684911530
100035730892170
100034132354363
100028033021658
100034290186068
100009733268257
100034900777320
100034629891274
100036125473276
100035860188139
100035471623261
100035077516927
100034196362853
100030524896924
100029450314397
100023778670897
100036030540198
100035913186766
100035340667456
100033409927849
100029069444477
100028951399601
100027117076157
100026296688863
100036209770569
100036060080604
100035131836041
100034940822339
100034644816452
100034544475092
100034383570604
100034341798696
100031599186805
100029962092084
100016681115933
100036330217977
100036260662015
100035932520633
100035626638585
100035502230209
100034747937522
100034721739758
100034258922053
100034213359360
100033998897465
100033729880857
100033173530156
100032853825181
100031407799588
100030882587452
100029484848045
100027377573305
100025379615934
100018411155571
100018200985718
100010510593456
100035399240873
100031273193222
100024206377337
100032349665278
100028976021973
100009479072669
100036505902302
100032191772658
100035320485990
100029144165068
100036432287129
100035833491661
100034403328059
100026847080690
100025978392937
100023423511607
100034019152531
100033219048260
100028024520511
100025916925623
100014436513394
100035823639838
100035035582699
100033509770452
100034320960430
100030039049515
100013464843920
100036713494150
100031809040212
100035675355987
100027377027641
100032360719147
100036016694836
100036595652462
100035528532705
100026105642606
100034694559216
100017834411276
100036588486044
100036332478452
100035932035789
100035357839265
100033696848357
100033498410000
100031363845466
100029490250927
100026637396156
100025070991488
100023271320357
100022470034739
100036501047597
100036367753457
100035920291694
100032244857312
100030738393793
100027492828524
100035559946312
100036166121610
100035748169901
100035684539313
100035636873254
100035195678831
100035053630606
100034532356967
100034230078862
100034038038113
100033854316473
100033783885025
100033476168703
100031471687398
100031039238494
100029539487523
100025909268365
100024618367540
100024078850503
100023743252017
100008303295138
100036048826619
100035997690255
100035697433226
100035657142320
100034458947557
100034000834389
100030920232959
100030287093803
100011463004867
100036272613869
100035578703613
100033437867396
100027996541743
100035904368824
100035875614159
100035604018719
100035486465008
100034859683355
100034679170577
100034558086015
100034308999535
100033381182744
100033281176626
100032622856399
100032382792386
100027840743917
100027822318424
100027155733560
100025527937317
100023865108418
100020731146277
100018867600906
100010366835222
100036205191212
100036022740385
100035824171260
100035405592533
100035200145630
100034067662046
100033885981307
100033872555801
100033251873682
100030159786576
100025367430035
100021866881410
100003987691261
100036066301295
100035543422626
100035089191357
100033445604420
100033268837049
100033154911316
100032992567603
100030658281220
100030602387081
100025182703789
100024813796878
100024143680333
100015664845063
100033830411633
100033570555059
100032449070537
100013141233818
100036507641652
100035125579023
100029113356780
100027570813408
100027007162599
100024617469875
100023900701005
100022605549672
100035714806584
100035688212120
100035643826784
100035001403983
100034990910970
100034877045210
100034706387011
100033497711614
100032037398744
100027928770450
100027626471335
100021911777662
100031377248050
100027178792846
100032645479940
100035699573254
100034308194903
100015758704691
100033050435831
100028700043506
100002258047130
100033802813064
100016515996113
100035115698639
100029780821750
100034418082801
100036657184085
100010206483812
100025853945342
100013376280912
100035567570455
100034373971492
100029869963455
100035802314956
100032187180133
100036141793214
100034978470262
100034950465388
100033572300895
100032388070238
100029202841749
100023952826019
100036656100967
100036180191874
100035220468171
100035175950768
100034922071990
100034867330080
100034110050397
100033946820869
100033278506696
100031883053756
100028212641664
100028102026350
100026239801866
100036631680224
100036402279838
100035896305320
100035676662827
100035378394138
100034830122173
100031524303956
100030398621779
100027721662809
100027237380993
100026160323556
100024306883884
100021921390172
100013901797662
100036067571605
100035859614395
100035831057876
100035825410487
100035661305903
100035418451476
100034828894126
100034300929337
100031576343402
100029104973530
100027096914813
100026824410556
100026600502309
100018588992308
100036582096008
100035781881068
100033917139034
100036554949285
100035762474542
100034802774482
100034593375094
100032866956488
100028502586122
100027212790698
100023165598681
100035894530289
100022464194042
100036058609141
100028347171347
100027678731310
100027304800164
100015944077646
100035466937601
100035158490647
100034901521416
100013914214966
100011472041485
100033431313936
100036254294879
100036069553402
100035963899119
100035832814283
100035537778325
100035395110872
100035316544011
100034946431626
100034844045379
100034024801152
100031323219066
100029838703305
100028602752675
100025953452020
100023682873757
100017235677485
100036151516176
100034221814441
100032557503818
100028936122856
100026530864445
100034386527851
100033814848916
100031457052385
100030436057259
100030179360788
100028967352381
100028412439697
100027543277548
100013263219335
100036580323755
100036460930469
100036257980556
100035614744994
100034918721045
100030252795480
100028267789557
100026534712363
100024527229952
100022603620239
100035608417740
100035606111609
100035351571731
100033217506563
100032227365081
100028300470580
100026698682635
100035784650489
100034199902822
100033049667876
100031416763880
100010464646966
100035731089576
100035709401090
100035637965055
100035039511162
100034950859117
100034735501742
100034729312595
100034154822956
100032911085014
100032061740568
100031991885075
100029958930685
100021543888500
100036343190285
100036225063219
100035821987978
100035703130673
100035348944760
100022099281845
100015148512884
100036373430675
100035876114058
100035560702409
100035558079781
100035402886735
100033962498363
100032134761232
100032113154689
100012909129719
100035700221350
100036396034069
100035832240458
100035831257041
100035552183743
100034570722259
100032590068977
100031650583290
100028446562154
100028399552635
100027857260818
100026803820370
100026154132863
100025320916572
100015160869066
100036139571233
100036173902632
100035543643294
100035430001428
100035124970900
100035123591937
100034415480377
100033372222631
100028433312489
100027846572905
100014723521569
100035838006384
100035678433202
100035397636548
100035363078236
100035309983432
100035167159725
100035119277763
100028928254010
100026649439281
100024790813771
100022971701895
100022508987917
100008202847183
100035060229319
100023140820550
100028601086025
100019061326711
100034812770174
100030612587064
100023935843983
100031035413538
100036312279902
100034450839421
100033677002243
100031005999057
100029076103354
100036433711588
100033752840961
100028456606288
100036059754111
100036581589293
100032819170567
100024876846655
100035683772695
100036391223480
100022007730098
100018312907404
100034350382411
100025119241801
100036393772314
100036314629015
100034735141636
100033409242475
100033340011478
100029536967678
100029219462728
100028479575788
100028351546918
100023454348689
100023036982569
100020914395226
100013758754529
100012666907433
100036643654712
100036108641199
100035834481383
100035010527407
100034938979999
100033568279062
100032716232582
100029156327465
100024121174658
100023115561109
100036125296350
100035939183841
100035606400323
100035385965501
100035142887540
100034302213229
100034131712132
100033962467195
100033441462685
100033216468092
100032271039658
100032245986084
100029833124170
100028341122579
100026459979936
100026361768649
100024292086460
100023607216037
100023457886257
100022227173158
100021739786363
100005707240928
100036497733031
100036306482282
100035740610090
100035608963567
100035467270465
100035466152075
100035305479902
100035218899231
100034926255422
100034883207754
100034561335565
100034447243649
100033794324822
100032223090438
100031654821961
100031382100246
100030263371865
100030057960270
100029898524654
100027958813513
100027642740905
100027378561805
100027220644131
100026771362872
100026071148388
100023749067273
100022852121329
100022788785757
100010146795087
100003952364396
100036441040967
100034941150895
100034620511456
100033601103475
100031459595229
100035691695599
100022652753615
100027930914731
100034643866064
100035825838097
100035556996685
100035430961629
100035271884597
100034265371691
100029190480176
100028727753535
100027180812487
100024592770295
100021909902181
100017636371124
100006674045285
100036596640949
100035819713833
100032819343763
100025776214552
100035357110786
100027218140172
100033379519219
100014615929376
100030263973885
100030954373244
100000311232555
100016145342103
100028063451154
100031060562941
100030132968894
100033701230500
100036336368156
100034590043997
100034835223827
100032139917248
100034950978842
100033563520752
100028212826785
100020397498473
100030272233621
100036133099487
100030492523856
100025264971437
100036517650979
100036336602851
100027531486689
100021682521310
100036238096823
100035923450162
100035266922629
100032945688626
100030487774494
100029294622442
100023899204132
100036083979064
100035751721354
100035253354168
100034576583518
100034352882568
100030083567136
100028932424177
100028480212342
100028251341693
100022385142566
100013967101114
100008735854706
100036048294379
100035640457492
100035131148393
100035084418656
100034683548819
100033909412525
100032924950698
100032855535037
100031307139694
100031033171013
100024535720152
100015342483053
100009946143674
100007308586052
100036221411591
100035802677123
100035788742883
100035784960312
100035631190144
100035590056429
100034788450295
100034766220129
100034657754075
100034641511289
100034414425713
100034283942784
100034060642824
100033936512614
100033491295990
100033423157845
100030536733021
100029578367089
100028544148701
100026234370615
100024700912297
100023248171582
100021902534470
100034879012358
100034492996309
100033050622170
100029392294259
100017493670905
100036239745814
100035999974982
100035644039264
100035610845235
100035486086930
100035115619959
100034117026959
100031991348115
100031960788504
100031553679667
100026210563360
100025558470994
100024232801727
100023796683993
100017571669442
100030511606964
100036598110190
100035965116413
100035481404715
100035249632190
100034645716717
100028309566885
100027197493806
100026777892922
100024804540271
100018117159342
100036168368229
100031265161300
100036311320927
100036255284920
100036183994932
100036060046447
100036045218135
100035931413538
100035649272304
100035629667489
100035629433687
100035601245129
100035583887336
100035423594937
100035348271360
100035280210191
100035168910956
100035076354164
100034933808488
100034864062171
100034722574481
100034681159943
100033776884588
100033692709745
100033650254336
100032961461439
100032250967770
100032250693090
100031392572787
100029911802070
100029827487628
100028594572020
100028091920538
100027698770412
100026564388529
100036605074621
100036460620423
100035912463676
100035881723759
100035701661876
100035541022302
100035424541362
100034750561099
100034364742729
100034187382992
100032628345547
100032535212408
100028627185997
100027971902084
100027582376367
100026490338900
100026478136779
100026427165711
100025285396378
100024377975024
100022063722465
100021967805524
100017937004451
100036305049216
100035939318588
100035787633072
100035594151057
100035204781413
100035199308622
100032494447411
100028667612350
100024337281790
100014924401258
100036523052074
100035905220370
100035867897319
100035692637148
100035643703208
100035446519280
100035364404280
100035310670228
100034796984465
100034691070856
100034383259722
100034249397183
100032957983898
100030908063316
100026613462612
100023681709098
100036122641480
100035468003693
100035322127604
100030400628939
100021553713266
100035373642695
100018317795974
100024725220980
100011688764480
100034829768959
100025549899274
100006297617147
100036059599712
100033702365550
100036216754154
100036146652848
100035470117669
100035262458041
100035179634214
100035162418779
100034081561033
100033887780720
100033282276952
100030759071475
100028857615511
100028155292343
100027350883380
100027040869552
100026566368836
100023713427020
100017661063401
100036217597429
100035845506285
100033165367361
100031479702603
100031341526543
100028912426764
100028799353439
100026984718105
100024561132111
100016897187516
100013437104562
100036644014007
100036593403816
100036407328462
100036093616790
100036037037695
100035381232383
100034950611258
100034884168968
100034804235424
100034378715379
100033745187941
100030356440877
100028488991087
100026922252194
100026453146341
100023878458414
100022225247027
100004761702579
100036381403954
100036369493039
100035869250245
100035099720697
100034854210294
100034675464342
100034668157624
100032741513701
100030945111306
100030552994390
100025502964361
100024973546145
100022773631029
100016184448423
100013901565697
100012430936685
100035992747647
100035317815720
100035304060942
100027093161254
100025000838742
100023817734706
100000338113807
100035889707392
100035736293995
100035692191180
100035209359665
100035016252273
100034620729718
100033183550141
100032797622917
100029951242112
100029770774687
100028290154870
100028198933646
100026722865795
100026295633158
100023625229429
100023230747051
100021761013577
100016828061979
100013382618544
100012140417391
100016043348953
100030031821601
100029274443962
100036490087924
100033917315661
100026489514244
100035538633897
100034149047510
100023511774364
100036118217173
100034528211208
100035185501879
100011516590446
100009905025007
100035761921068
100034823444573
100032689302382
100036193230657
100032090979427
100013707429760
100013098391866
100035716574082
100034613558861
100034379449776
100033983947238
100030776864104
100029828376811
100028251136354
100027496878852
100026987081740
100018688981500
100014560126626
100006887466227
100034669819786
100029832439076
100028183836384
100036352713145
100036260555125
100036107112866
100036077749219
100035896424761
100035732649190
100035723234361
100035616931346
100035262439162
100034862451477
100034589593135
100034422642705
100034297984095
100032483465536
100031810204419
100031447939017
100031034533636
100030574487806
100030201968581
100029990675496
100029932062330
100029697541848
100029525244282
100029186692908
100028736745353
100028511420909
100028174729947
100024865583114
100024717110263
100021143640284
100015683319722
100013178477813
100034617313547
100030920702458
100029624814181
100033925275059
100025958484370
100035701416074
100035583301253
100035208547094
100035349742168
100028153805218
100034325504505
100013059314109
100025788344355
100035037263606
100025896172777
100021824491674
100036245131197
100036017453827
100036009587603
100034727087441
100031951950729
100030385446562
100026497330083
100024901936429
100023894859865
100035630239737
100031636365790
100035828723000
100035700291337
100035264571751
100034951415798
100034823642766
100033327608282
100033129345609
100031942060115
100029457581105
100028899167357
100025624627595
100036540543477
100035889293535
100034657721180
100033638061305
100029133910189
100022184944281
100036534722704
100036279125900
100036067577758
100036055728960
100035929533340
100035869752935
100035843210401
100035260267657
100035134093642
100035115376511
100035065358454
100034716310133
100034566790672
100034262922843
100033641663626
100033607350610
100033045830734
100032344684345
100032206960457
100032183138120
100028608737810
100028471835780
100028450875986
100028319599301
100027447519548
100027411588243
100027040625044
100026657025908
100025607280798
100024009069437
100019251699597
100005898153171
100028596391268
100025370857103
100030658909079
100016160407167
100035221697730
100034883619224
100022153114780
100034634793008
100036463172485
100035811501432
100035694392994
100035476953295
100033479858711
100031890312506
100031166252656
100011655814404
100036132633565
100034499986296
100033785469858
100036312079886
100036279123798
100035833264744
100035806802210
100035368666897
100035359351687
100035343788751
100035230899921
100034981206550
100034554229086
100034462564081
100034360983696
100033789940175
100033786010881
100033590161629
100027940006235
100027684320453
100026804870388
100024171248193
100014822109626
100036293808441
100035912251983
100035502711150
100035323539275
100034558995071
100031945751715
100027814803060
100035462975595
100024542198560
100036363096235
100036302685115
100035982850956
100035728337241
100035644732694
100035644597158
100032645432488
100030668587300
100024139201493
100022364691878
100018416463678
100036388501689
100035804244055
100035100651826
100032890388693
100029927436174
100012603106098
100035332830192
100036550981414
100036156259958
100035998774546
100035822137041
100035702055478
100035641635142
100034977305831
100034515076926
100033938722829
100032269581024
100031457256413
100029139365367
100027443566582
100023274133320
100022109510766
100016681785322
100035723763937
100035524190742
100033454958189
100030431258422
100014287805740
100005603376194
100036304453251
100035646604583
100035579166996
100034192302038
100033541509067
100033281623852
100032903474622
100028094362450
100026377343531
100036097773462
100035521748444
100035025078013
100032543301377
100034588462934
100029752725870
100026819297782
100035786740133
100035906614329
100035738462701
100035554898894
100035144963028
100034656125762
100034579904942
100033894258141
100032885959808
100023416763818
100013507718451
100035318244098
100034952511556
100034940572188
100034610872010
100034141084194
100036052719781
100036027454700
100035822658724
100035721502096
100035538106987
100035517789436
100035309105741
100034934701627
100034391390032
100033210910202
100032207663140
100031122902173
100030838625871
100030212914388
100029991122061
100024408561450
100024378016898
100014732348240
100036444490710
100036286335783
100036201409172
100036032955691
100035863773415
100035690976244
100035348000213
100035276465870
100034864519770
100034775732372
100034745330125
100034735223047
100034306595745
100034046110753
100033516794813
100033509946002
100033347003845
100031977081314
100031423503143
100029329365969
100028347638211
100028167345848
100027930622666
100026585477492
100026332991531
100025068602674
100024589956638
100022392403715
100036298189952
100036279181622
100036240936044
100036025690331
100035840644619
100035680194209
100035538586104
100034290140780
100033987889819
100033483950299
100033432420750
100030963092404
100030730878069
100029584726607
100029316521707
100028115260013
100027903381615
100022496603453
100022340752217
100016315458128
100014141022720
100028306011720
100025297488015
100036262308986
100036118877773
100036108410220
100036087758348
100036051846723
100036045158752
100035901324336
100035890623343
100035816153895
100035611061376
100035606523199
100035486600842
100035371185405
100035304668802
100035286129254
100035223954201
100035068333889
100034637350268
100034486269993
100033808753259
100032178804366
100030622636482
100030504553297
100030127331502
100029952041086
100029777118582
100028712802897
100028590001573
100028280184162
100027984215218
100027605045991
100027107407696
100025700331612
100024540723226
100022194349752
100012680267627
100011734715308
100006258612755
100036348153837
100035966615485
100035936423161
100035914691259
100035848411796
100035799282857
100035752722017
100035670887122
100035405494354
100032680986207
100031107035407
100028157153343
100028019466739
100027410854031
100026111408321
100025169740658
100023631618503
100022575710654
100021574359982
100017706243249
100014215743159
100036285551438
100035852346525
100035759527383
100035157365855
100034893392780
100034843972172
100034573304423
100029490341018
100023602816425
100034918576801
100013350998624
100027625205027
100035161413368
100032207345947
100032820120027
100009947436290
100026454141718
100030528713220
100035832306534
100027802312787
100028690366164
100032571949990
100015229629220
100022564969511
100035647818683
100036337994852
100036259080397
100036192185323
100034735869234
100034493513720
100033685548329
100030833231634
100017833332677
100015696545276
100035798628856
100035494253735
100035443960857
100034578971696
100032756595578
100032566818484
100030467142808
100029158754364
100023006242652
100015085007997
100014170410305
100029610607434
100035844983040
100034061892794
100036389162541
100036071317857
100035639868110
100034623097738
100033678213029
100028449501783
100023014539001
100036375214876
100035860843206
100035567349979
100024815447602
100036435575286
100035931473194
100035866297611
100035854149130
100035469721421
100034309392823
100034184106887
100033863619645
100033580522919
100031230848708
100030247303039
100027110957595
100023437339873
100036299131773
100036137375586
100036024052837
100035954202780
100035600774984
100035096407617
100034750396264
100034451661356
100034409895782
100033897783968
100027520335710
100026828271164
100024693966337
100023940305868
100023049918094
100014657052090
100036404444016
100036384757767
100036337490174
100036252300404
100035668514971
100035604285646
100035582070521
100035407871278
100034831812054
100034750090989
100034351607117
100033229650299
100031473720516
100031110727604
100030597951889
100029797059702
100019292955251
100019198367627
100036380710719
100036189604398
100035816087881
100035637671287
100035293805891
100035218070152
100034879475469
100033908077477
100024274380529
100012428346045
100033014258564
100028044613639
100015311201030
100036546033649
100036540518317
100036406382667
100036273548796
100036159939217
100036110778069
100036091522773
100036060001966
100036009495272
100035933282368
100035571580372
100034871017112
100034622528059
100034527912961
100034206908294
100034037918090
100033675943328
100033444856469
100033251646324
100032866050684
100032354809429
100031710556078
100028222835325
100027435016699
100027160004140
100027088952212
100026688969744
100024975369770
100024622872148
100023870833914
100023682854827
100022205480621
100015018990738
100035841917599
100035759897483
100031365080419
100028547409892
100027037853712
100010393034197
100034069780549
100027622553602
100024236804697
100036261877624
100036104175795
100035768573600
100035628871144
100035481521523
100035060647972
100031025980528
100029914154941
100028511651319
100025103200372
100024421553132
100022012635383
100006447485618
100035714768217
100034509300828
100034495834070
100033917100435
100033294136435
100033266196455
100033195157971
100030698571323
100029928998700
100023591660984
100022464347229
100035127172356
100034487292765
100026948136440
100036315879913
100036186858467
100035857913080
100035770144106
100035223608958
100035106543351
100033842075865
100033196426682
100032978153979
100029502947429
100027358654511
100025385351115
100010126413208
100036361118133
100035352608780
100035004684361
100034930958395
100030551321061
100028178563496
100035767060807
100035005201417
100033917418756
100032012261878
100031879613723
100031800965333
100029214856002
100027735290515
100026984651415
100025972411461
100022396059451
100017880037657
100028501867789
100027537975895
100026364021835
100024482230648
100023605730871
100021638225499
100036407834377
100036314474352
100029856651226
100028599702882
100027497050345
100025552087442
100014934273690
100010459847599
100036530282120
100035938305280
100035810580107
100035309467435
100033927700386
100031990670013
100031716920757
100031529673618
100027473510789
100018693013727
100007849448572
100036228032078
100036187634948
100035601755452
100003280299280
100035967510607
100035223633242
100034760825533
100031332939066
100030677687810
100029605758004
100029507391815
100026922037658
100024252300482
100036224887565
100034686251938
100034484354166
100033408650796
100028936303261
100021764116771
100020978498192
100019121288424
100035896149082
100035884688253
100035769004105
100035628816578
100033441668397
100028432902919
100024652518934
100004015339591
100036193297975
100036010396911
100035489564136
100034945652114
100034592927363
100032683387507
100032261862360
100029768329672
100027645906193
100026173068071
100023562484752
100006260141822
100036198556352
100036182527407
100036181207898
100027272945176
100024628717328
100036197452395
100035862580591
100035769393089
100035764235123
100035532060585
100035443786823
100035323987035
100035309747604
100034578047391
100034158216764
100033395053615
100032591322074
100030959130077
100030780453039
100029131301926
100028920486479
100028226542350
100026641867672
100024166310428
100022357367653
100022119530700
100017243221767
100016519920530
100036246320411
100035088856653
100034761106075
100034675449066
100034352492383
100031616778649
100030990253398
100026563689428
100006962553037
100035152300999
100033004176084
100028358320910
100025328342490
100035689549155
100033353499357
100031061464028
100028513273157
100036298984674
100036057901290
100035916489418
100035851641283
100035457590934
100034690291954
100032061556897
100031923618447
100015435872429
100036250567556
100036160086908
100035980572968
100035819892856
100035731835666
100035468287508
100034272438019
100033205881697
100031151505009
100029612864667
100027997549895
100027807339990
100027058600810
100026840433710
100024430275914
100033840427282
100034525779367
100034695856605
100034620610311
100035576892954
100026632295554
100034519579932
100022487631507
100033313034610
100023631833857
100036287805330
100034737122217
100034630920265
100011430205375
100002860317292
100035082814776
100036096624038
100035939612046
100035850339085
100035431292799
100035266029271
100034126843147
100032183119963
100031700062641
100026521098694
100025385559787
100021560364367
100014677653759
100036186852548
100035567617729
100034582902828
100036507786252
100030351346483
100035932120256
100035566775568
100034851605129
100034637294475
100035829720089
100035756731954
100035664729902
100034990269525
100034218150178
100033415816485
100029004613991
100025634767994
100035790636326
100035606550756
100033524178519
100027822517263
100027349683212
100025234565202
100014203424842
100036384451788
100036308374356
100035999633961
100035250550848
100035005508850
100034119663033
100033504139315
100031978940623
100030893342976
100030800718754
100030018803621
100028985472691
100027801796808
100027553509263
100022966716369
100019381602598
100017635907081
100013821284962
100012820770703
100036218525523
100035866052821
100035667922669
100035343603058
100035057980220
100034998678649
100033319489733
100033158961558
100028699395874
100025444222052
100022258862211
100021787245017
100011563150331
100036254025901
100036211171187
100036018517601
100035883187561
100034852492217
100034660009798
100034403303217
100034361315452
100033642562842
100033222669589
100030846164752
100030503740593
100030052864162
100029920433042
100028534270089
100027892623580
100026637674155
100024081833519
100023872414421
100023713755985
100023033984385
100017284566090
100016386964875
100013121042757
100012165304511
100035420825782
100034005323637
100033691893924
100032137427673
100030661145212
100028239572725
100027001579809
100023623004496
100035668991027
100034487748701
100034256423692
100034188215237
100034103749025
100033043484929
100031127361705
100028305483064
100025336089652
100023542251979
100015353320608
100014422058126
100036384996920
100036111005069
100035804141613
100035707807972
100035698140930
100034616858812
100034069116630
100033707886254
100033594952500
100033334907950
100033173793306
100031510595559
100030893829345
100028247356958
100027610087412
100027211244511
100025892844369
100024736548975
100023872636786
100015316688251
100008458262306
100034546815470
100032168370052
100032132582291
100031603780480
100029386065425
100027577484099
100022549701265
100006903886108
100026851482730
100036001689168
100035624510103
100035599832268
100035246134365
100034798384395
100033450455788
100032536873942
100031057636099
100029039435167
100028612865524
100028524548393
100018787119303
100015162339744
100013681601035
100036272872261
100035515038071
100034840041362
100034829923019
100034583503766
100034167247960
100025739342776
100035145584474
100022199873203
100036390942117
100036236411565
100036231402344
100036226267789
100036192930212
100036042223081
100035818930363
100035718852724
100035689126369
100035555018201
100035453903366
100035446492167
100035353691868
100035332474180
100035296190799
100034936603966
100034835073656
100034665772717
100034520162232
100034417518548
100031355074974
100030566594343
100030328868018
100028495923566
100025095849697
100021799327273
100016266739055
100014980621874
100013770673166
100005549448438
100004429427201
100036168489270
100035921011537
100034572585584
100034418416081
100033647913746
100032861483809
100032691892111
100032266777148
100029802104536
100029328468368
100028466173320
100027189051111
100036173885642
100035866595633
100035435898005
100034854382309
100034397942660
100034335584421
100030220157252
100029732708121
100006389767942
100028445687289
100035654170245
100027184065463
100033452446482
100034483772800
100029280618449
100028182901892
100035362291531
100035586006569
100027540855605
100033791656500
100028397302014
100035968582963
100035195930527
100035327843005
100026932066785
100032019651213
100035070390439
100034574980259
100027415987951
100036156219354
100021383240535
100035946588680
100035930197466
100035841521971
100035403677302
100033983092655
100032950515801
100032467981141
100030427193337
100026994166559
100036158047242
100034927876503
100032209206004
100031215526950
100030147021274
100029368538761
100028357334985
100023425790439
100014469318309
100034266273914
100035882071066
100010164253500
100032423502919
100035087751369
100035579955631
100035476368201
100021915578111
100035340292080
100031967150249
100024932357269
100036272570346
100035456254344
100034393920220
100035251089367
100034130330444
100033977954444
100031664295803
100031108972455
100028667552556
100036145292822
100036034174070
100035838846274
100035406881406
100035351000370
100035295533476
100035131399766
100034778560173
100034713082386
100034630494066
100034593034674
100034309800594
100033218319726
100032888783503
100031357152877
100031094390498
100030129270781
100027857416067
100027187543635
100021677613041
100011354754945
100029994485687
100028304970891
100035183648333
100013935553669
100036263073224
100035484971169
100035027294326
100030666372908
100022807155199
100035243482571
100013980096101
100035153989101
100035117422791
100031562232080
100030616995166
100028652362253
100026542700339
100025791841696
100036236166312
100035657683814
100035133003726
100023412364262
100022996842781
100036396544647
100035653081950
100034497406439
100034283110287
100033966981006
100033413353207
100036263929156
100035884667362
100035841126165
100035825888317
100035534985741
100034995587395
100034216991984
100034081670206
100036283451637
100036265390005
100036206030858
100035676828168
100034725243210
100033740777642
100036205039556
100035204392144
100034477846461
100032143910682
100030194436845
100035954736213
100035367438420
100035033243009
100034910646837
100034279447171
100033904473288
100033789692945
100031246220343
100030811305002
100030537780502
100029210823285
100028677501617
100028614722191
100028230561028
100027992442241
100027378143128
100026932701763
100025470907096
100024241330337
100023759943375
100022023062423
100036011264998
100035800353123
100035493730087
100034587466259
100034015340306
100033629328165
100030356949908
100027407603153
100027039211181
100023795990055
100022233762844
100008120592990
100031171174410
100026072963715
100017178390250
100035518263519
100034796833548
100035065614347
100034435125003
100033323766161
100032428566357
100030104646144
100028715147874
100028563708528
100035470523544
100034759685537
100029046311561
100013648175549
100029992059867
100034427528900
100035392087295
100032869874269
100035668123857
100035236697335
100033451732663
100036200286981
100027124811141
100034859675163
100036401791319
100030111452602
100035185283398
100033239329850
100031210864830
100022871983468
100035956531363
100028171410674
100012244690532
100036185734884
100032034405983
100011277367056
100035976453579
100034768210415
100034606149263
100033963764733
100030947585964
100027791746083
100027607511125
100026314545566
100023555145296
100023001623390
100036092765639
100035806753691
100035684389634
100035629609515
100035518273509
100035209632818
100034990181134
100031072332162
100029275696266
100028803347524
100028273421737
100027967862141
100026352726987
100024028868977
100018098345150
100036319715591
100035882049829
100035200367732
100034308381555
100033034484062
100029942288595
100036431341314
100036239496466
100035693989378
100035622904067
100034657358683
100034290038543
100034190291276
100033388163392
100030641412990
100028170039711
100027165499290
100021457455259
100018153464234
100015470170017
100036058932678
100035714675744
100035606919821
100035458924835
100035126177868
100034915848718
100034839435691
100034287280909
100033903181272
100033524176037
100033171005880
100032619854269
100031372773668
100031091446378
100028798571097
100025900578561
100023140152190
100007496569241
100035114801057
100033544935471
100029517726658
100024182445752
100036121548290
100035647628911
100036261162904
100036195760227
100036150900435
100035825580860
100035759442757
100035078193705
100035055554548
100035039962847
100032334241518
100032277435770
100031897800905
100031707876427
100030975454046
100030610216585
100030545618405
100028126630511
100027571596773
100026748491713
100023352677468
100022168350328
100016425493579
100015792547884
100010274594394
100008818266705
100027323944785
100026187277659
100036193519051
100034984434069
100034684957116
100032055003280
100030527496373
100028783059904
100027649835613
100024761418144
100024644211044
100008542355828
100036248235936
100034323732624
100033429435653
100032803230606
100036270367290
100036002540809
100035808111094
100035556314752
100035345768189
100031905258120
100026742251689
100024634932056
100023225583051
100032667338050
100014337550709
100035871704284
100033888318568
100033618052481
100033472127725
100030248423537
100023314396994
100002205765892
100034029754319
100024739127562
100036388234223
100036245593268
100036205561667
100036110262731
100035827335242
100034900510610
100033711534376
100033120254948
100032027165765
100031624283747
100027601906028
100027543713791
100027527851802
100025959038938
100018427158023
100018340573070
100017814551640
100012738065806
100003755574993
100036171091396
100036094231180
100035496187408
100033654124028
100031559705264
100030607112536
100028694026633
100025759666764
100015456559118
100015556261666
100023772313467
100019500855620
100036506221432
100035802708444
100035717731595
100035685276141
100035115698572
100034524000010
100032459131996
100032087111506
100026697631027
100009049740666
100005640107006
100035356278964
100034192365710
100024729825482
100035819858610
100028567865622
100036455550064
100036234066579
100036232082243
100036171893268
100036095543465
100036057071261
100035934993001
100035823337207
100035313611051
100033608740794
100032642376223
100027868068933
100027282732905
100026716474410
100024934180798
100019631649790
100011673506636
100011063137596
100008673015488
100031555843688
100036331295425
100036166750890
100035839784140
100035833840100
100035824611963
100035784256122
100035774200127
100035724273649
100035682096450
100035635803145
100035458240323
100035447144691
100035127695707
100034865341340
100034593885455
100034492717781
100034022350945
100033739962555
100033462367563
100032554924244
100032417375984
100029181180104
100027881596144
100025850061686
100023264081105
100018040084463
100016741385144
100036439980699
100035820728048
100035593724897
100035201412540
100033096135408
100030872363316
100027964038283
100024258110972
100017194082298
100016376105172
100009879849731
100001256058166
100034957611197
100031608916659
100029062461567
100036099197843
100027635944878
100026964940607
100024742037837
100036259510469
100036052674087
100035977530650
100035818061358
100035532709670
100034418061249
100033784277126
100031461051606
100029802464169
100029310333761
100029195751505
100024347094075
100023155190840
100020232731897
100013849690729
100035748870497
100035694191820
100035503417991
100029829561957
100025753996091
100024623226098
100024156905060
100023638475235
100010411962473
100035553483345
100035438713135
100035434383735
100035159209023
100034390842349
100033635453089
100032110597405
100031706951600
100028659344530
100028005518845
100026641486207
100019016017628
100000648851967
100035333071531
100009262966396
100032251711120
100029695749063
100027431932081
100035778679445
100030279337016
100035692359015
100028564269913
100013686458317
100034604865027
100033685552355
100033502211610
100036079205213
100035314893219
100036384460377
100036010713682
100030944899740
100026370975629
100023505559529
100036095318625
100036015199425
100035283917641
100034845310945
100029074840317
100029035789867
100028110758820
100026209957853
100015565351519
100006029229644
100035362444716
100034350338422
100032606706717
100031622300309
100030287348237
100019550460962
100036049152119
100035491338830
100035026680641
100033824677300
100029122274285
100027285753205
100026964246661
100022124929207
100012008250138
100036028053362
100035465918673
100035460382730
100035321793480
100035116124491
100031892231905
100029188189972
100028469115460
100013396921306
100012529147513
100009606493752
100036257205148
100034859448334
100034458043160
100029279322529
100028574418194
100007430744680
100036267603288
100036243067931
100036107235326
100035785899273
100035711077577
100035683660649
100035661850631
100035380483769
100035135478536
100034846133056
100034120625438
100033599055772
100033394121323
100033275059045
100032895342638
100032324174864
100031602442171
100030743844008
100028527491754
100027379478472
100023539091495
100022538854966
100022406901072
100020951111912
100016159475413
100036223003972
100036063938806
100036054336613
100035484259138
100035335206097
100035018483317
100034995256252
100034749570187
100034697631424
100031828445015
100031640391835
100030470205326
100029996923934
100029329563068
100028858252489
100027338417455
100024296374488
100024184711864
100012938853221
100003901942128
100036380882171
100036143315853
100036030921046
100035627974788
100035561042851
100035236913338
100034718679667
100034380738666
100032168694335
100032138710800
100031862164826
100031353310345
100031295716574
100030744492321
100030080112033
100022789339127
100022768663005
100022346435622
100018341916378
100017443966178
100033925311078
100034519181788
100034292460208
100030838973145
100030010431124
100036025773173
100032626532952
100036345061483
100036099353565
100035048424353
100035032728338
100034173872687
100033486363861
100033004181290
100030193793449
100029720253020
100029585440648
100023333589688
100035622882996
100030503085942
100025973024679
100022136961654
100035948671882
100034910145291
100033669140754
100029444100821
100026677755396
100026498044049
100022416952642
100021516422977
100013720269921
100036446643218
100035723410058
100032249772015
100026385724678
100036119258253
100036034341486
100035839412517
100035784396098
100035086371814
100034718088180
100034471701125
100032086860098
100031890756456
100027447851165
100027420703688
100025756545328
100025146634955
100024690513187
100016692008725
100036027001434
100034223059722
100034014360118
100033196429298
100031991299076
100030317565268
100029450174403
100029437266413
100028180697222
100011290899444
100030829295134
100035671387977
100028126613348
100035804738194
100030341760666
100029124053058
100035758325057
100011898225585
100027995600307
100012887826900
100027744510514
100012867888740
100022309280727
100028414176870
100036040543143
100034872674166
100031030880912
100021971798527
100027954180887
100035833534720
100017010603083
100035009075430
100034483115000
100032939512450
100029030513611
100024645941379
100021627436528
100016979252652
100030386298946
100030310245218
100026391968511
100026359811195
100035904781187
100035812341075
100035729899322
100035709997797
100035638663663
100035310436423
100034957833281
100034635191679
100034145806123
100034122736006
100031451135320
100030226116404
100027937234315
100027795091604
100027530161717
100023873443986
100022991868570
100009898236038
100035686932429
100035892312137
100035723829560
100035309297454
100034401466707
100033589542675
100030061278105
100024099738725
100036093903449
100035831970140
100035488491188
100035346863500
100035283353564
100034955031246
100034475926253
100034285716401
100034221846712
100034159758824
100033791735387
100033159502737
100032443930679
100030621108356
100030585633828
100030311963783
100029941397231
100029278715828
100029209892160
100027740670312
100026893148818
100026614430799
100025750366026
100021917500356
100021521109619
100021443792169
100018541775198
100012884985100
100022329608032
100034654425600
100029909033580
100036070297018
100035795539176
100034988017196
100032929312037
100028077463806
100025454391591
100035940930922
100035745070898
100035688184451
100035677422790
100035281711496
100035069272145
100035031941770
100032999453907
100032218966490
100027930857787
100024719799778
100035790225116
100033207637816
100032394920079
100036119123511
100034701830800
100035445060829
100035439311180
100035387673207
100035315799257
100035197372275
100034703390676
100033996750944
100032780883524
100031698581657
100030422010231
100026357513524
100012419116168
100034822121365
100026702980362
100021524732024
100035737710486
100034292331153
100013889975613
100029053448894
100032342661439
100036196568848
100035364231007
100032041450327
100035242853149
100034304600635
100026731341860
100035216882300
100031989918111
100018646832113
100036454470680
100031511652583
100036178060270
100035085019561
100030993648700
100030050526380
100029558105745
100031673079084
100025749369125
100035050833499
100033061141311
100032726322696
100031094963452
100029994739726
100028176964202
100027662023618
100027560381711
100024804623963
100024196876245
100023854836025
100019300544866
100017107683567
100015176525527
100013448499665
100034986431596
100034424464156
100033337699683
100030925003175
100016035660907
100036273638400
100031404069786
100035922843452
100035823372683
100035703083552
100034915690899
100034430800607
100033705424408
100032367276851
100032205725921
100030885166741
100028471925313
100027013147018
100026327223761
100026238434415
100015488829579
100035501466743
100013453480814
100033244514290
100032182372478
100026307411092
100035584097140
100034802566759
100034801510171
100034591688745
100034339178449
100029673563401
100025866588512
100035485507195
100035356093311
100035147340746
100034087095552
100028098644537
100021493773245
100036376715280
100036016964756
100035839639545
100035197565638
100034885628940
100034567086332
100034117364893
100032846115224
100032287209702
100031434766606
100028095978888
100026608242073
100017189555655
100014954734083
100011897808843
100009063480719
100036260734833
100035400951235
100034893817731
100034135145894
100030019544061
100029978107006
100029628840374
100029041125918
100035900552973
100035529100949
100034928273833
100034630410765
100033771167431
100033439609350
100033400364992
100030546197686
100028949053451
100028860338006
100027149871021
100012726017066
100036192284171
100036137643471
100036036080321
100035573611296
100034865391559
100034605474203
100034252283207
100033960770075
100031902911550
100029914565821
100026883614441
